# This file may be used to create an environment using:
# $ conda create --name <env> --file <this file>
# platform: win-64
aiohttp=3.8.4=pypi_0
aiosignal=1.3.1=pypi_0
asttokens=2.2.1=pyhd8ed1ab_0
async-timeout=4.0.2=pypi_0
attrs=23.1.0=pypi_0
backcall=0.2.0=pyh9f0ad1d_0
backports=1.0=pyhd8ed1ab_3
backports.functools_lru_cache=1.6.4=pyhd8ed1ab_0
bzip2=1.0.8=h8ffe710_4
ca-certificates=2023.5.7=h56e8100_0
certifi=2023.5.7=pypi_0
charset-normalizer=3.1.0=pypi_0
colorama=0.4.6=pyhd8ed1ab_0
comm=0.1.3=pyhd8ed1ab_0
debugpy=1.6.7=py311h12c1d0e_0
decorator=5.1.1=pyhd8ed1ab_0
executing=1.2.0=pyhd8ed1ab_0
filelock=3.12.0=pypi_0
frozenlist=1.3.3=pypi_0
fsspec=2023.5.0=pypi_0
huggingface-hub=0.15.1=pypi_0
idna=3.4=pypi_0
importlib-metadata=6.6.0=pyha770c72_0
importlib_metadata=6.6.0=hd8ed1ab_0
ipykernel=6.23.1=pyh025b116_0
ipython=8.14.0=pyh08f2357_0
jedi=0.18.2=pyhd8ed1ab_0
jinja2=3.1.2=pypi_0
jupyter_client=8.2.0=pyhd8ed1ab_0
jupyter_core=5.3.0=py311h1ea47a8_0
libexpat=2.5.0=h63175ca_1
libffi=3.4.2=h8ffe710_5
libsodium=1.0.18=h8d14728_1
libsqlite=3.42.0=hcfcfb64_0
libzlib=1.2.13=hcfcfb64_4
lightning-utilities=0.8.0=pypi_0
markupsafe=2.1.3=pypi_0
matplotlib-inline=0.1.6=pyhd8ed1ab_0
mpmath=1.3.0=pypi_0
multidict=6.0.4=pypi_0
nest-asyncio=1.5.6=pyhd8ed1ab_0
networkx=3.1=pypi_0
numpy=1.24.3=pypi_0
openssl=3.1.1=hcfcfb64_1
packaging=23.1=pyhd8ed1ab_0
parso=0.8.3=pyhd8ed1ab_0
pickleshare=0.7.5=py_1003
pip=23.1.2=pyhd8ed1ab_0
platformdirs=3.5.1=pyhd8ed1ab_0
prompt-toolkit=3.0.38=pyha770c72_0
prompt_toolkit=3.0.38=hd8ed1ab_0
psutil=5.9.5=py311ha68e1ae_0
pure_eval=0.2.2=pyhd8ed1ab_0
pygments=2.15.1=pyhd8ed1ab_0
python=3.11.3=h2628c8c_0_cpython
python-dateutil=2.8.2=pyhd8ed1ab_0
python_abi=3.11=3_cp311
pytorch-lightning=2.0.3=pypi_0
pywin32=304=py311h12c1d0e_2
pyyaml=6.0=pypi_0
pyzmq=25.1.0=py311h7b3f143_0
regex=2023.6.3=pypi_0
requests=2.31.0=pypi_0
safetensors=0.3.1=pypi_0
setuptools=67.7.2=pyhd8ed1ab_0
six=1.16.0=pyh6c4a22f_0
stack_data=0.6.2=pyhd8ed1ab_0
sympy=1.12=pypi_0
tk=8.6.12=h8ffe710_0
tokenizers=0.13.3=pypi_0
torch=2.0.1=pypi_0
torchmetrics=0.11.4=pypi_0
tornado=6.3.2=py311ha68e1ae_0
tqdm=4.65.0=pypi_0
traitlets=5.9.0=pyhd8ed1ab_0
transformers=4.30.0=pypi_0
typing-extensions=4.6.3=hd8ed1ab_0
typing_extensions=4.6.3=pyha770c72_0
tzdata=2023c=h71feb2d_0
ucrt=10.0.22621.0=h57928b3_0
urllib3=2.0.3=pypi_0
vc=14.3=hb25d44b_16
vc14_runtime=14.34.31931=h5081d32_16
vs2015_runtime=14.34.31931=hed1258a_16
wcwidth=0.2.6=pyhd8ed1ab_0
wheel=0.40.0=pyhd8ed1ab_0
xz=5.2.6=h8d14728_0
yarl=1.9.2=pypi_0
zeromq=4.3.4=h0e60522_1
zipp=3.15.0=pyhd8ed1ab_0
